
==== DEVELOPMENT  Scenario A ====
-- marl_static
   seed   ach    J/unit  comps  bridges  E/tick  lat_ms   SLI
   50     46.0  0.2296   2.00   0.00    228.3   5.11       25
   51     39.7  0.2588   1.00   3.00    217.7   6.10        0
   52     51.6  0.2038   3.00   1.00    224.5   5.52        0
   53     48.3  0.2341   2.00   2.00    245.5   6.42       27
   54     41.9  0.2415   3.00   1.00    219.1   4.61       12
   55     53.7  0.1896   2.00   0.00    218.0   4.52        1
   56     56.8  0.1728   1.57   1.43    208.6   5.62        0
   57     45.5  0.2309   2.00   0.00    224.4   4.47        0
   58     42.4  0.2544   2.57   1.43    233.2   5.46        0
   59     51.3  0.1948   2.00   1.00    214.5   5.34        0
   70     42.9  0.2272   3.00   1.00    209.1   5.68       11
   71     54.2  0.1886   1.00   2.00    213.1   5.75        2
   72     63.7  0.1711   1.00   2.00    235.7   5.86       72
   73     54.9  0.1939   1.00   2.00    229.0   6.28       24
   74     45.7  0.2270   2.00   1.00    223.8   4.31        1
   75     36.8  0.2744   2.00   1.00    217.1   5.33        1
   76     43.1  0.2378   2.00   1.00    221.7   4.69        4
   77     47.2  0.2261   3.00   1.00    228.9   4.61        5
   78     44.2  0.2264   2.00   2.00    213.8   5.14        9
   79     37.1  0.2727   3.00   0.00    220.6   4.29       11
-- marl_freeze
   seed   ach    J/unit  comps  bridges  E/tick  lat_ms   SLI
   50     40.4  0.2643   1.63   0.37    230.5   5.57     1361
   51     40.7  0.2540   1.00   3.00    215.5   5.88        3
   52     46.8  0.2178   3.00   1.00    218.3   5.41       17
   53     45.1  0.2661   2.00   2.00    262.3   6.53      875
   54     44.4  0.2418   1.00   3.00    231.2   5.59       82
   55     54.3  0.2121   2.00   0.00    247.8   4.59       42
   56     54.7  0.1916   1.00   2.00    223.4   5.44        6
   57     42.7  0.2212   1.00   1.00    198.6   5.52       24
   58     48.6  0.2327   1.00   3.00    240.5   6.09        5
   59     51.1  0.1973   2.00   1.00    213.7   5.12       40
   70     41.5  0.2600   2.00   2.00    230.1   5.49      215
   71     48.2  0.2135   1.00   2.00    214.6   4.80       20
   72     67.4  0.1630   1.00   2.00    232.6   6.23      200
   73     39.6  0.2584   2.00   1.00    224.7   4.40     4327
   74     37.6  0.2760   1.00   2.00    226.2   5.12      374
   75     45.4  0.2508   1.00   2.00    241.4   5.24       93
   76     50.3  0.2211   2.00   1.00    234.8   5.39      134
   77     47.2  0.2314   3.00   1.00    234.4   4.70       21
   78     47.5  0.2051   2.00   2.00    203.6   5.40       37
   79     50.7  0.1948   2.00   1.00    209.6   4.93      161
-- xldet
   seed   ach    J/unit  comps  bridges  E/tick  lat_ms   SLI
   50     42.4  0.2658   1.00   1.00    246.9   5.86       90
   51     31.7  0.3105   1.00   3.00    209.6   6.23        6
   52     48.2  0.2092   3.00   1.00    217.3   5.42        0
   53     35.5  0.3083   2.00   2.00    243.4   6.40    20660
   54     44.1  0.2489   1.00   3.00    239.2   6.21       45
   55     41.3  0.2396   1.00   1.00    215.8   5.64      203
   56     41.2  0.2365   1.00   2.00    210.7   5.42       16
   57     23.9  0.4335   1.00   1.00    230.6   5.10    17878
   58     46.5  0.2268   1.00   3.00    227.1   6.18        0
   59     44.8  0.2321   2.00   1.00    225.6   5.08       13
   70     35.7  0.2755   2.00   2.00    213.6   5.68       76
   71     41.5  0.2527   1.00   2.00    222.5   5.47       26
   72     57.0  0.2011   1.00   2.00    250.3   5.86      108
   73     46.5  0.2197   1.00   2.00    222.4   6.10       69
   74     36.7  0.2704   1.00   2.00    217.1   5.22      391
   75     40.4  0.2586   1.00   2.00    225.4   5.50        0
   76     40.1  0.2628   1.00   2.00    229.2   5.82       16
   77     43.6  0.2364   3.00   1.00    223.7   4.56       19
   78     46.3  0.2196   2.00   2.00    217.3   5.51       74
   79     38.0  0.2423   2.00   1.00    200.0   5.17       21
-- sdn
   seed   ach    J/unit  comps  bridges  E/tick  lat_ms   SLI
   50     33.2  0.2931   1.00   1.00    211.5   5.55    17786
   51     32.3  0.2909   1.00   3.00    196.2   5.79      945
   52      0.0  4.5695   4.00   0.00    187.3    nan   115531
   53     37.1  0.2685   2.00   2.00    215.9   5.77    17699
   54     41.1  0.2413   1.00   3.00    212.3   5.55     2356
   55     44.4  0.2111   1.00   1.00    200.0   5.14     2168
   56     40.3  0.2322   1.00   2.00    198.9   4.95     1748
   57     31.0  0.3017   1.00   1.00    200.4   4.79     1748
   58     44.9  0.2212   1.00   3.00    209.5   5.98     1776
   59     41.4  0.2260   2.00   1.00    199.5   4.73     1855
   70     34.4  0.2662   2.00   2.00    195.4   5.16     2023
   71     43.3  0.2235   1.00   2.00    199.8   5.32     1135
   72     53.8  0.1824   1.00   2.00    209.4   5.51     3524
   73     49.8  0.1953   1.00   2.00    206.6   6.01     2902
   74     37.1  0.2491   1.00   2.00    198.4   4.92     2238
   75     41.6  0.2337   1.00   2.00    204.4   4.99     1788
   76     33.9  0.2769   1.00   2.00    201.8   5.71     3352
   77     38.8  0.2375   3.00   1.00    196.4   4.03     2013
   78     44.8  0.2110   2.00   2.00    197.2   5.08     2006
   79     42.4  0.2155   2.00   1.00    193.3   4.98     2268
-- ospf
   seed   ach    J/unit  comps  bridges  E/tick  lat_ms   SLI
   50     32.3  0.2780   2.00   0.00    194.6   4.51    20582
   51     18.9  0.4700   4.00   0.00    190.5   3.84      801
   52     31.0  0.2916   4.00   0.00    195.7   4.27    11371
   53     34.0  0.2733   4.00   0.00    202.9   4.74    27241
   54     35.4  0.2568   4.00   0.00    196.4   3.91     4972
   55     42.3  0.2175   2.00   0.00    197.4   4.19     1921
   56     33.4  0.2617   3.00   0.00    187.6   4.29     1494
   57     29.6  0.3026   2.00   0.00    192.4   4.09     1713
   58     33.1  0.2756   4.00   0.00    195.5   4.72     1503
   59     37.8  0.2359   3.00   0.00    190.7   3.80     1713
   70     28.9  0.3040   4.00   0.00    190.0   4.06    13822
   71     14.9  0.5874   3.00   0.00    189.8   4.00     9529
   72     36.6  0.2459   3.00   0.00    196.9   4.11    43404
   73     36.8  0.2424   3.00   0.00    192.9   5.18    15057
   74     34.8  0.2512   3.00   0.00    188.2   4.01     6013
   75     29.3  0.3171   3.00   0.00    199.5   3.92     3426
   76     33.6  0.2672   3.00   0.00    192.9   4.32     3732
   77     30.9  0.2856   4.00   0.00    190.6   3.84     8677
   78     19.5  0.4438   4.00   0.00    190.2   4.07    29235
   79     29.8  0.2951   3.00   0.00    190.6   4.22    19112
-- olsr
   seed   ach    J/unit  comps  bridges  E/tick  lat_ms   SLI
   50     32.3  0.2766   2.00   0.00    194.6   4.68    19979
   51     18.9  0.4681   4.00   0.00    190.5   4.00      531
   52     31.0  0.2902   4.00   0.00    195.7   4.43    10796
   53     34.0  0.2723   4.00   0.00    202.9   4.92    26750
   54     35.4  0.2557   4.00   0.00    196.4   4.05     4427
   55     42.3  0.2164   2.00   0.00    197.4   4.35     1158
   56     33.4  0.2604   3.00   0.00    187.6   4.45      930
   57     29.6  0.3011   2.00   0.00    192.4   4.25     1189
   58     33.1  0.2741   4.00   0.00    195.5   4.90      905
   59     37.8  0.2347   3.00   0.00    190.7   3.94     1043
   70     28.9  0.3026   4.00   0.00    190.0   4.22    13337
   71     14.9  0.5847   3.00   0.00    189.8   4.16     9278
   72     36.6  0.2447   3.00   0.00    196.9   4.26    42727
   73     36.8  0.2411   3.00   0.00    192.9   5.37    14360
   74     34.8  0.2499   3.00   0.00    188.2   4.17     5377
   75     29.3  0.3155   3.00   0.00    199.5   4.07     2886
   76     33.6  0.2658   3.00   0.00    192.9   4.48     3081
   77     30.9  0.2843   4.00   0.00    190.6   3.98     8153
   78     19.5  0.4417   4.00   0.00    190.2   4.23    28888
   79     29.8  0.2937   3.00   0.00    190.6   4.39    18583
-- batman
   seed   ach    J/unit  comps  bridges  E/tick  lat_ms   SLI
   50     32.3  0.2701   2.00   0.00    190.3   4.51    19625
   51     18.9  0.4567   4.00   0.00    186.2   3.84      336
   52     31.0  0.2834   4.00   0.00    191.4   4.27    10458
   53     34.0  0.2658   4.00   0.00    198.6   4.74    26227
   54     35.4  0.2497   4.00   0.00    192.1   3.91     4019
   55     42.3  0.2113   2.00   0.00    193.1   4.19      739
   56     33.4  0.2541   3.00   0.00    183.3   4.29      588
   57     29.6  0.2939   2.00   0.00    188.1   4.09      865
   58     33.1  0.2676   4.00   0.00    191.2   4.72      576
   59     37.8  0.2291   3.00   0.00    186.4   3.80      661
   70     28.9  0.2953   4.00   0.00    185.7   4.06    13020
   71     14.9  0.5705   3.00   0.00    185.5   4.00     9109
   72     36.6  0.2390   3.00   0.00    192.6   4.11    42302
   73     36.8  0.2354   3.00   0.00    188.6   5.18    13946
   74     34.8  0.2439   3.00   0.00    183.9   4.01     5016
   75     29.3  0.3082   3.00   0.00    195.2   3.92     2568
   76     33.6  0.2595   3.00   0.00    188.6   4.32     2715
   77     30.9  0.2774   4.00   0.00    186.4   3.84     7808
   78     19.5  0.4310   4.00   0.00    185.9   4.07    28658
   79     29.8  0.2866   3.00   0.00    186.3   4.22    18241
-- aodv
   seed   ach    J/unit  comps  bridges  E/tick  lat_ms   SLI
   50     32.3  0.2766   2.00   0.00    190.2   4.41    22408
   51     18.9  0.4674   4.00   0.00    186.1   3.75     1682
   52     31.0  0.2902   4.00   0.00    191.3   4.18    13146
   53     34.0  0.2729   4.00   0.00    198.5   4.64    29511
   54     35.4  0.2563   4.00   0.00    192.0   3.82     7387
   55     42.3  0.2166   2.00   0.00    193.0   4.10     3849
   56     33.4  0.2604   3.00   0.00    183.2   4.19     3193
   57     29.6  0.3017   2.00   0.00    188.0   4.00     3545
   58     33.1  0.2746   4.00   0.00    191.1   4.61     3142
   59     37.8  0.2344   3.00   0.00    186.3   3.72     3293
   70     28.9  0.3030   4.00   0.00    185.6   3.96    15714
   71     14.9  0.5832   3.00   0.00    185.4   3.90    10312
   72     36.6  0.2451   3.00   0.00    192.5   4.02    45752
   73     36.8  0.2419   3.00   0.00    188.5   5.06    17588
   74     34.8  0.2493   3.00   0.00    183.8   3.92     7802
   75     29.3  0.3158   3.00   0.00    195.1   3.83     5132
   76     33.6  0.2655   3.00   0.00    188.5   4.23     5525
   77     30.9  0.2844   4.00   0.00    186.2   3.76    10596
   78     19.5  0.4421   4.00   0.00    185.8   3.97    30495
   79     29.8  0.2938   3.00   0.00    186.2   4.13    20960
-- random
   seed   ach    J/unit  comps  bridges  E/tick  lat_ms   SLI
   50     15.2  0.4998   1.61   0.39    192.3   4.45    72323
   51     12.9  0.6821   2.13   1.87    196.7   4.10    18811
   52     19.7  0.4197   3.47   0.53    187.9   4.26    48278
   53     18.8  0.4386   3.06   0.94    189.5   4.72    77896
   54     21.6  0.3888   2.00   2.00    199.2   4.31    46240
   55     21.8  0.3981   1.60   0.40    200.4   4.12    58714
   56     20.5  0.4133   1.95   1.05    190.5   4.27    38962
   57     16.7  0.4986   1.56   0.44    190.7   4.06    41679
   58     17.5  0.5119   2.34   1.66    199.3   4.47    46438
   59     20.8  0.3902   2.10   0.90    188.8   4.28    49194
   70     16.0  0.5072   3.34   0.66    192.8   4.12    54401
   71     13.0  0.6358   2.23   0.77    189.8   3.75    17836
   72     19.8  0.3968   2.22   0.78    199.9   4.09    92177
   73     19.3  0.4437   1.83   1.17    201.4   4.74    72203
   74     18.9  0.4808   1.60   1.40    193.7   3.80    63055
   75     20.6  0.4318   2.29   0.71    201.7   3.99    31681
   76     20.9  0.4580   1.70   1.30    203.5   4.38    50544
   77     19.2  0.4649   3.57   0.43    194.1   3.82    50163
   78     17.1  0.5063   2.51   1.49    190.4   4.10    38849
   79     22.4  0.3966   2.00   1.00    187.6   4.60    48127

==== DEVELOPMENT  Scenario B ====
-- marl_static
   seed   ach    J/unit  comps  bridges  E/tick  lat_ms
   50     53.8  0.1489   1.00   0.00    222.8   5.10
   51     32.8  0.2362   2.00   0.00    220.3   5.66
   52     54.7  0.1484   2.00   0.00    226.5   5.46
   53     43.3  0.1567   2.00   0.00    213.9   5.35
   54     42.7  0.1867   1.00   0.00    215.1   5.07
   55     48.7  0.1724   1.00   0.00    235.8   5.74
   56     37.9  0.1900   1.00   1.00    214.3   5.30
   57     43.6  0.1770   1.00   0.00    219.5   5.90
   58     55.0  0.1585   2.00   1.00    233.7   6.31
   59     50.5  0.1559   2.00   0.00    217.8   5.76
   70     40.0  0.1916   2.00   0.00    226.6   5.27
   71     29.8  0.2495   1.00   0.00    221.7   5.39
   72     63.0  0.1280   1.00   0.00    231.2   5.09
   73     45.8  0.1675   1.00   1.00    225.6   5.77
   74     51.6  0.1585   1.00   0.00    232.2   5.32
   75     37.2  0.2222   2.00   0.00    222.1   5.18
   76     53.0  0.1471   1.00   1.00    217.9   5.27
   77     53.7  0.1499   2.00   0.00    226.3   6.27
   78     45.2  0.1753   2.00   1.00    218.1   4.94
   79     44.7  0.1777   2.00   0.00    224.8   5.40
-- marl_freeze
   seed   ach    J/unit  comps  bridges  E/tick  lat_ms
   50     43.5  0.1851   1.00   0.00    223.9   5.00
   51     33.4  0.2385   1.00   1.00    221.9   5.57
   52     59.2  0.1506   2.00   0.00    239.4   5.97
   53     47.8  0.1598   2.00   0.00    222.4   5.16
   54     47.3  0.1727   1.00   0.00    217.3   5.00
   55     67.5  0.1396   1.00   0.00    249.9   6.10
   56     51.3  0.1709   1.00   1.00    249.8   5.88
   57     43.9  0.1829   1.00   0.00    216.4   5.95
   58     62.3  0.1521   1.00   2.00    248.5   5.82
   59     46.3  0.1806   2.00   0.00    231.2   5.04
   70     36.2  0.1935   2.00   0.00    222.8   5.25
   71     26.4  0.2793   1.00   0.00    214.0   5.03
   72     70.8  0.1233   1.00   0.00    237.4   4.88
   73     44.6  0.1705   2.00   0.00    228.3   5.17
   74     53.8  0.1554   1.00   0.00    231.5   5.05
   75     36.5  0.2395   2.00   0.00    242.2   4.89
   76     67.0  0.1359   1.00   1.00    237.3   5.48
   77     52.7  0.1641   2.00   0.00    225.3   5.78
   78     52.3  0.1787   2.00   1.00    246.1   5.03
   79     43.6  0.1943   2.00   0.00    229.0   5.23
-- xldet
   seed   ach    J/unit  comps  bridges  E/tick  lat_ms
   50     44.7  0.1688   1.00   0.00    214.0   5.42
   51     34.3  0.2231   1.00   1.00    213.4   5.94
   52     54.0  0.1586   2.00   0.00    239.3   5.76
   53     36.6  0.1903   2.00   0.00    206.5   5.34
   54     25.7  0.2807   1.00   0.00    199.2   5.00
   55     40.8  0.2030   1.00   0.00    231.3   5.84
   56     30.0  0.2285   1.00   1.00    207.1   5.14
   57     36.5  0.2445   1.00   0.00    255.7   5.85
   58     40.2  0.2197   1.00   2.00    232.3   6.24
   59     42.6  0.1881   2.00   0.00    220.0   5.53
   70     25.9  0.3011   2.00   0.00    224.7   5.43
   71     15.1  0.5288   1.00   0.00    222.5   5.78
   72     50.1  0.1558   1.00   0.00    221.5   5.53
   73     42.6  0.1838   1.00   1.00    230.8   5.94
   74     43.8  0.1867   1.00   0.00    228.5   5.55
   75     34.3  0.2454   1.00   1.00    229.8   5.42
   76     49.1  0.1652   1.00   1.00    225.3   5.22
   77     29.1  0.2543   2.00   0.00    214.6   6.07
   78     20.5  0.3600   2.00   1.00    212.2   5.12
   79     38.2  0.1995   2.00   0.00    215.4   5.45
-- sdn
   seed   ach    J/unit  comps  bridges  E/tick  lat_ms
   50     38.7  0.1745   1.00   0.00    190.8   4.86
   51     20.2  0.3566   1.00   1.00    198.1   5.26
   52     39.1  0.1833   2.00   0.00    202.7   5.10
   53     41.6  0.1678   2.00   0.00    201.3   4.96
   54     39.1  0.1860   1.00   0.00    195.0   4.78
   55     41.6  0.1760   1.00   0.00    206.3   5.43
   56     31.5  0.2075   1.00   1.00    193.5   4.83
   57     32.3  0.2249   1.00   0.00    206.2   5.21
   58     42.9  0.1823   1.00   2.00    206.8   5.71
   59     41.6  0.1714   2.00   0.00    193.6   5.09
   70     32.2  0.2122   2.00   0.00    196.2   4.92
   71     19.7  0.3271   1.00   0.00    190.6   4.99
   72     50.3  0.1409   1.00   0.00    203.1   5.40
   73     41.6  0.1673   1.00   1.00    202.3   5.60
   74     41.3  0.1715   1.00   0.00    196.9   5.04
   75     33.1  0.2242   1.00   1.00    204.4   4.84
   76     42.2  0.1719   1.00   1.00    202.0   4.92
   77     36.2  0.1898   2.00   0.00    196.3   5.71
   78     27.7  0.2429   2.00   1.00    193.8   4.68
   79     33.9  0.2041   2.00   0.00    196.6   4.81
-- ospf
   seed   ach    J/unit  comps  bridges  E/tick  lat_ms
   50     37.9  0.1809   1.00   0.00    193.8   5.01
   51     19.6  0.3671   2.00   0.00    194.6   5.45
   52     38.2  0.1880   2.00   0.00    201.6   5.24
   53     40.9  0.1721   2.00   0.00    202.1   5.10
   54     38.0  0.1869   1.00   0.00    190.5   4.92
   55     40.5  0.1781   1.00   0.00    202.2   5.59
   56     30.7  0.2102   2.00   0.00    190.5   4.98
   57     31.7  0.2207   1.00   0.00    197.3   5.35
   58     40.4  0.1859   3.00   0.00    198.2   5.79
   59     40.5  0.1776   2.00   0.00    195.7   5.26
   70     31.5  0.2192   2.00   0.00    197.6   5.15
   71     19.2  0.3388   1.00   0.00    192.0   5.22
   72     48.6  0.1454   1.00   0.00    201.8   5.48
   73     40.0  0.1701   2.00   0.00    196.5   5.59
   74     38.5  0.1794   1.00   0.00    192.6   5.07
   75     32.4  0.2269   2.00   0.00    202.0   4.98
   76     41.3  0.1713   2.00   0.00    196.8   4.87
   77     35.2  0.1916   2.00   0.00    192.6   5.81
   78     27.3  0.2468   3.00   0.00    193.8   4.81
   79     33.4  0.2058   2.00   0.00    194.2   4.99
-- olsr
   seed   ach    J/unit  comps  bridges  E/tick  lat_ms
   50     37.9  0.1810   1.00   0.00    193.8   5.20
   51     19.6  0.3675   2.00   0.00    194.6   5.66
   52     38.2  0.1881   2.00   0.00    201.6   5.44
   53     40.9  0.1722   2.00   0.00    202.1   5.30
   54     38.0  0.1870   1.00   0.00    190.5   5.10
   55     40.5  0.1782   1.00   0.00    202.2   5.79
   56     30.7  0.2102   2.00   0.00    190.5   5.16
   57     31.7  0.2208   1.00   0.00    197.3   5.55
   58     40.4  0.1861   3.00   0.00    198.2   6.00
   59     40.5  0.1777   2.00   0.00    195.7   5.45
   70     31.5  0.2193   2.00   0.00    197.6   5.35
   71     19.2  0.3389   1.00   0.00    192.0   5.43
   72     48.6  0.1454   1.00   0.00    201.8   5.69
   73     40.0  0.1701   2.00   0.00    196.5   5.80
   74     38.5  0.1795   1.00   0.00    192.6   5.25
   75     32.4  0.2270   2.00   0.00    202.0   5.17
   76     41.3  0.1714   2.00   0.00    196.8   5.05
   77     35.2  0.1916   2.00   0.00    192.6   6.03
   78     27.3  0.2468   3.00   0.00    193.8   5.00
   79     33.4  0.2058   2.00   0.00    194.2   5.18
-- batman
   seed   ach    J/unit  comps  bridges  E/tick  lat_ms
   50     37.9  0.1774   1.00   0.00    189.7   5.01
   51     19.6  0.3612   2.00   0.00    190.4   5.45
   52     38.2  0.1847   2.00   0.00    197.5   5.24
   53     40.9  0.1689   2.00   0.00    197.9   5.10
   54     38.0  0.1834   1.00   0.00    186.3   4.92
   55     40.5  0.1749   1.00   0.00    198.0   5.59
   56     30.7  0.2060   2.00   0.00    186.3   4.98
   57     31.7  0.2164   1.00   0.00    193.1   5.35
   58     40.4  0.1829   3.00   0.00    194.0   5.79
   59     40.5  0.1745   2.00   0.00    191.5   5.26
   70     31.5  0.2149   2.00   0.00    193.5   5.15
   71     19.2  0.3321   1.00   0.00    187.8   5.22
   72     48.6  0.1427   1.00   0.00    197.6   5.48
   73     40.0  0.1667   2.00   0.00    192.3   5.59
   74     38.5  0.1760   1.00   0.00    188.5   5.07
   75     32.4  0.2231   2.00   0.00    197.8   4.98
   76     41.3  0.1684   2.00   0.00    192.6   4.87
   77     35.2  0.1879   2.00   0.00    188.4   5.81
   78     27.3  0.2415   3.00   0.00    189.6   4.81
   79     33.4  0.2016   2.00   0.00    190.0   4.99
-- aodv
   seed   ach    J/unit  comps  bridges  E/tick  lat_ms
   50     37.9  0.1770   1.00   0.00    189.4   4.90
   51     19.5  0.3594   2.00   0.00    190.2   5.32
   52     38.2  0.1842   2.00   0.00    197.2   5.13
   53     40.9  0.1685   2.00   0.00    197.7   4.98
   54     38.0  0.1828   1.00   0.00    186.1   4.80
   55     40.5  0.1744   1.00   0.00    197.8   5.46
   56     30.7  0.2054   2.00   0.00    186.1   4.87
   57     31.7  0.2159   1.00   0.00    192.9   5.23
   58     40.4  0.1821   3.00   0.00    193.8   5.66
   59     40.5  0.1739   2.00   0.00    191.3   5.15
   70     31.5  0.2144   2.00   0.00    193.2   5.04
   71     19.2  0.3313   1.00   0.00    187.6   5.10
   72     48.6  0.1423   1.00   0.00    197.4   5.36
   73     40.0  0.1663   2.00   0.00    192.1   5.47
   74     38.5  0.1754   1.00   0.00    188.2   4.95
   75     32.4  0.2224   2.00   0.00    197.6   4.87
   76     41.3  0.1677   2.00   0.00    192.4   4.76
   77     35.2  0.1874   2.00   0.00    188.2   5.68
   78     27.3  0.2412   3.00   0.00    189.4   4.70
   79     33.4  0.2012   2.00   0.00    189.8   4.88
-- random
   seed   ach    J/unit  comps  bridges  E/tick  lat_ms
   50     16.5  0.3847   1.00   0.00    194.5   4.33
   51     12.9  0.5650   1.48   0.52    201.1   4.60
   52     22.1  0.3298   2.00   0.00    204.2   4.69
   53     21.9  0.3227   2.00   0.00    201.9   4.61
   54     18.4  0.3654   1.00   0.00    198.5   4.57
   55     21.0  0.3479   1.00   0.00    207.5   4.77
   56     19.4  0.3712   1.51   0.49    198.6   4.64
   57     18.1  0.4201   1.00   0.00    203.6   4.94
   58     19.3  0.3928   1.80   1.20    206.6   5.05
   59     21.3  0.3396   2.00   0.00    198.5   4.75
   70     15.4  0.4283   2.00   0.00    197.1   4.62
   71     10.4  0.5942   1.00   0.00    192.6   4.21
   72     22.8  0.2797   1.00   0.00    203.6   4.54
   73     20.2  0.3525   1.14   0.86    205.1   4.90
   74     19.8  0.3846   1.00   0.00    200.6   4.30
   75     20.3  0.3632   1.74   0.26    206.3   4.54
   76     23.8  0.3165   1.00   1.00    205.4   4.47
   77     17.5  0.3920   2.00   0.00    198.6   5.10
   78     15.1  0.4583   2.05   0.95    199.3   4.42
   79     22.8  0.3116   2.00   0.00    198.4   4.87

==== CONFIRMATORY  Scenario A ====
-- marl_static
   seed   ach    J/unit  comps  bridges  E/tick  lat_ms   SLI
   80     44.3  0.2220   2.00   2.00    213.6   5.76      402
   81     53.7  0.1857   4.00   0.00    212.0   4.06        0
   82     47.4  0.2169   2.54   1.46    223.2   5.01       11
   83     36.4  0.2702   2.00   2.00    209.6   5.63        4
   84     49.5  0.2045   1.00   1.00    218.1   5.11        0
   85     43.1  0.2177   3.00   1.00    204.8   4.98      198
   86     35.0  0.2747   1.00   1.00    209.0   5.61        8
   87     41.8  0.2580   2.00   1.00    233.1   4.53        1
   88     48.0  0.2107   4.00   0.00    218.6   5.10       13
   89     34.4  0.2802   2.00   1.00    207.4   5.22        0
   90     47.3  0.2324   1.00   1.00    238.5   6.50       30
   91     41.2  0.2346   1.57   2.43    208.4   5.13       52
   92     52.6  0.1871   3.00   1.00    212.9   5.40       37
   93     38.0  0.2848   3.00   1.00    230.9   5.39        0
   94     36.5  0.2931   1.00   1.00    230.0   6.00        1
   95     46.4  0.2177   2.57   1.43    217.4   4.96        0
   96     41.8  0.2286   2.00   1.00    202.5   5.16       13
   97     38.7  0.2683   4.00   0.00    228.6   4.66    11821
   98     49.7  0.2103   1.00   3.00    224.4   5.43        8
   99     45.1  0.2417   2.00   1.00    237.8   6.42      116
-- marl_freeze
   seed   ach    J/unit  comps  bridges  E/tick  lat_ms   SLI
   80     44.0  0.2401   1.00   3.00    231.0   5.61      768
   81     44.3  0.2155   4.00   0.00    202.4   3.68       20
   82     50.7  0.2043   2.00   2.00    224.7   5.26       52
   83     26.2  0.3897   2.00   2.00    220.7   4.77       67
   84     53.0  0.1911   1.00   1.00    215.5   5.05       54
   85     44.1  0.2135   3.00   1.00    201.7   5.12     1680
   86     40.3  0.2386   1.00   1.00    204.5   5.60      112
   87     46.7  0.2384   1.00   2.00    237.0   6.13       43
   88     56.5  0.2050   2.00   2.00    248.8   5.86       27
   89     30.2  0.3080   2.00   1.00    198.9   5.16      151
   90     39.6  0.2983   1.00   1.00    261.4   6.25     1657
   91     44.7  0.2162   1.57   2.43    206.8   5.09      267
   92     48.3  0.2296   3.00   1.00    244.0   5.07      656
   93     39.0  0.3024   2.00   2.00    252.3   5.35        0
   94     29.0  0.4315   1.00   1.00    277.3   5.77       40
   95     47.7  0.2196   2.00   2.00    225.5   5.22       14
   96     35.1  0.2751   2.00   1.00    203.6   5.30       27
   97     40.0  0.2894   3.00   1.00    251.5   4.58    10604
   98     52.8  0.2109   1.00   3.00    234.0   5.50       30
   99     42.3  0.2431   2.00   1.00    222.7   6.33      885
-- xldet
   seed   ach    J/unit  comps  bridges  E/tick  lat_ms   SLI
   80     39.5  0.2397   1.00   3.00    207.5   5.93    11610
   81     32.7  0.3157   3.00   1.00    225.4   5.35     4539
   82     53.3  0.1913   1.00   3.00    220.5   5.65       39
   83     28.7  0.3394   2.00   2.00    210.0   5.76       61
   84     51.0  0.1935   1.00   1.00    213.3   5.32       12
   85     39.5  0.2398   3.00   1.00    207.9   5.26     9208
   86     45.6  0.2181   1.00   1.00    214.0   5.94        3
   87     40.7  0.2704   1.00   2.00    239.2   6.15        2
   88     54.0  0.1865   2.00   2.00    216.6   6.46       28
   89     30.4  0.3083   2.00   1.00    202.9   5.21       66
   90     36.9  0.2985   1.00   1.00    243.6   6.33     9323
   91     35.4  0.2564   1.00   3.00    198.5   5.08     2599
   92     48.8  0.2266   3.00   1.00    242.1   5.36      249
   93     36.2  0.2927   1.00   3.00    227.0   6.01        0
   94     13.6  0.7602   1.00   1.00    238.1   5.43    36657
   95     40.1  0.2465   2.00   2.00    215.0   5.41        2
   96     48.7  0.2191   2.00   1.00    226.5   5.40       10
   97     22.3  0.4328   3.00   1.00    223.4   4.90    67227
   98     40.0  0.2688   1.00   3.00    233.5   5.96       59
   99     39.2  0.2656   2.00   1.00    229.2   6.30     5357
-- sdn
   seed   ach    J/unit  comps  bridges  E/tick  lat_ms   SLI
   80     49.3  0.1964   1.00   3.00    205.8   5.71     3089
   81     35.5  0.2492   4.00   0.00    187.0  27.51     1727
   82     49.9  0.1826   1.00   3.00    192.7   5.39     2260
   83     22.5  0.3968   2.00   2.00    190.4   5.15     1461
   84     47.6  0.1904   1.00   1.00    192.1   4.74     2030
   85     43.9  0.2052   3.00   1.00    191.8   4.81     3245
   86     34.9  0.2608   1.00   1.00    194.2   5.61     2002
   87      0.0  4.7941   3.00   0.00    184.2    nan   108212
   88     44.4  0.2140   2.00   2.00    202.5   5.50     2344
   89     29.0  0.3092   2.00   1.00    191.0   4.73     1484
   90     38.6  0.2536   1.00   1.00    211.3   6.17     5844
   91     45.3  0.2046   1.00   3.00    196.8   4.87     2177
   92     41.0  0.2285   3.00   1.00    202.3   4.71    21277
   93     36.0  0.2740   1.00   3.00    207.6   5.68      890
   94     29.4  0.3240   1.00   1.00    203.2   5.31     1441
   95     42.2  0.2204   2.00   2.00    197.4   5.25     1941
   96     35.1  0.2640   2.00   1.00    193.0   4.87     1608
   97     31.9  0.2953   3.00   1.00    206.5   4.52    36957
   98      0.0  5.1067   4.00   0.00    195.9    nan   107771
   99     38.3  0.2451   2.00   1.00    202.6   6.15    10734
-- ospf
   seed   ach    J/unit  comps  bridges  E/tick  lat_ms   SLI
   80     32.9  0.2696   4.00   0.00    193.2   4.43    35825
   81     35.5  0.2535   4.00   0.00    191.4   3.88     1439
   82     39.1  0.2288   4.00   0.00    192.4   4.25     2794
   83     17.9  0.4846   4.00   0.00    188.6   3.97    10226
   84     41.7  0.2094   2.00   0.00    186.5   4.02     1786
   85     28.3  0.3008   4.00   0.00    188.0   3.82    48532
   86     28.5  0.3029   2.00   0.00    186.8   4.60    11939
   87     31.8  0.2810   3.00   0.00    192.1   4.36     2502
   88     36.2  0.2483   4.00   0.00    193.8   4.54    10252
   89     26.8  0.3261   3.00   0.00    187.4   3.93     1322
   90     37.4  0.2380   2.00   0.00    192.2   4.96     8922
   91     32.9  0.2603   4.00   0.00    184.6   4.25    12690
   92     34.9  0.2523   4.00   0.00    192.8   3.83    40787
   93     32.9  0.2723   4.00   0.00    188.6   4.39      861
   94     22.0  0.3980   2.00   0.00    190.0   4.51     8979
   95     35.3  0.2439   4.00   0.00    184.0   4.36     1657
   96     16.5  0.5285   3.00   0.00    191.4   3.83    19552
   97     31.9  0.2799   4.00   0.00    195.7   4.24    36451
   98     24.0  0.3839   4.00   0.00    201.9   4.03    27359
   99     33.7  0.2644   3.00   0.00    193.6   4.70    25755
-- olsr
   seed   ach    J/unit  comps  bridges  E/tick  lat_ms   SLI
   80     32.9  0.2684   4.00   0.00    193.2   4.60    35268
   81     35.5  0.2523   4.00   0.00    191.4   4.03      891
   82     39.1  0.2277   4.00   0.00    192.4   4.41     2136
   83     17.9  0.4827   4.00   0.00    188.6   4.13     9967
   84     41.7  0.2084   2.00   0.00    186.5   4.16     1098
   85     28.3  0.2994   4.00   0.00    188.0   3.97    48020
   86     28.5  0.3014   2.00   0.00    186.8   4.77    11396
   87     31.8  0.2796   3.00   0.00    192.1   4.53     1926
   88     36.2  0.2471   4.00   0.00    193.8   4.71     9603
   89     26.8  0.3244   3.00   0.00    187.4   4.08      836
   90     37.4  0.2371   2.00   0.00    192.2   5.14     8366
   91     32.9  0.2591   4.00   0.00    184.6   4.42    12109
   92     34.9  0.2513   4.00   0.00    192.8   3.97    40234
   93     32.9  0.2712   4.00   0.00    188.6   4.55      594
   94     22.0  0.3960   2.00   0.00    190.0   4.68     8577
   95     35.3  0.2426   4.00   0.00    184.0   4.53     1012
   96     16.5  0.5264   3.00   0.00    191.4   3.98    19307
   97     31.9  0.2786   4.00   0.00    195.7   4.39    35896
   98     24.0  0.3824   4.00   0.00    201.9   4.18    26995
   99     33.7  0.2633   3.00   0.00    193.6   4.87    25254
-- batman
   seed   ach    J/unit  comps  bridges  E/tick  lat_ms   SLI
   80     32.9  0.2619   4.00   0.00    188.9   4.43    34850
   81     35.5  0.2462   4.00   0.00    187.1   3.88      564
   82     39.1  0.2222   4.00   0.00    188.1   4.25     1677
   83     17.9  0.4709   4.00   0.00    184.3   3.97     9744
   84     41.7  0.2033   2.00   0.00    182.2   4.02      699
   85     28.3  0.2921   4.00   0.00    183.7   3.82    47697
   86     28.5  0.2940   2.00   0.00    182.6   4.60    11080
   87     31.8  0.2729   3.00   0.00    187.8   4.36     1545
   88     36.2  0.2412   4.00   0.00    189.5   4.54     9153
   89     26.8  0.3165   3.00   0.00    183.1   3.93      555
   90     37.4  0.2312   2.00   0.00    187.9   4.96     7797
   91     32.9  0.2526   4.00   0.00    180.3   4.25    11705
   92     34.9  0.2452   4.00   0.00    188.4   3.83    39800
   93     32.9  0.2645   4.00   0.00    184.3   4.39      368
   94     22.0  0.3864   2.00   0.00    185.7   4.51     8329
   95     35.3  0.2366   4.00   0.00    179.7   4.36      641
   96     16.5  0.5134   3.00   0.00    187.1   3.83    19066
   97     31.9  0.2721   4.00   0.00    191.4   4.24    35549
   98     24.0  0.3734   4.00   0.00    197.6   4.03    26673
   99     33.7  0.2568   3.00   0.00    189.4   4.70    24750
-- aodv
   seed   ach    J/unit  comps  bridges  E/tick  lat_ms   SLI
   80     32.9  0.2685   4.00   0.00    188.8   4.33    37851
   81     35.5  0.2528   4.00   0.00    187.0   3.79     2863
   82     39.1  0.2273   4.00   0.00    188.0   4.16     4865
   83     17.9  0.4827   4.00   0.00    184.2   3.88    11390
   84     41.7  0.2083   2.00   0.00    182.1   3.93     3541
   85     28.3  0.2996   4.00   0.00    183.6   3.74    50375
   86     28.5  0.3007   2.00   0.00    182.4   4.49    13450
   87     31.8  0.2797   3.00   0.00    187.7   4.26     4363
   88     36.2  0.2471   4.00   0.00    189.4   4.44    12391
   89     26.8  0.3247   3.00   0.00    183.0   3.84     2830
   90     37.4  0.2374   2.00   0.00    187.8   4.85    11413
   91     32.9  0.2582   4.00   0.00    180.2   4.15    14344
   92     34.9  0.2513   4.00   0.00    188.4   3.74    42946
   93     32.9  0.2717   4.00   0.00    184.2   4.29     1372
   94     22.0  0.3954   2.00   0.00    185.6   4.40    10167
   95     35.3  0.2431   4.00   0.00    179.6   4.26     3729
   96     16.5  0.5269   3.00   0.00    187.0   3.74    20673
   97     31.9  0.2793   4.00   0.00    191.3   4.14    38667
   98     24.0  0.3831   4.00   0.00    197.5   3.93    28936
   99     33.7  0.2631   3.00   0.00    189.2   4.60    27740
-- random
   seed   ach    J/unit  comps  bridges  E/tick  lat_ms   SLI
   80     19.1  0.4384   2.58   1.42    192.3   4.52    81990
   81     20.9  0.4024   3.62   0.38    182.6   3.94    34969
   82     21.4  0.4105   2.27   1.73    195.5   4.17    62345
   83     12.6  0.7123   2.61   1.39    189.9   4.41    30659
   84     22.4  0.3771   1.40   0.60    190.8   4.20    51435
   85     16.8  0.4666   3.52   0.48    187.1   3.94    85203
   86     15.6  0.5027   1.50   0.50    182.1   4.37    54072
   87     19.5  0.4508   1.90   1.10    192.5   4.28    45128
   88     21.5  0.4118   2.44   1.56    201.0   4.69    59334
   89     14.0  0.6101   2.70   0.30    185.8   3.97    43182
   90     18.7  0.4664   1.44   0.56    198.0   4.72    73078
   91     19.8  0.4328   2.71   1.29    185.6   3.88    58996
   92     22.4  0.3802   3.56   0.44    187.9   4.05    84732
   93     19.5  0.5028   2.53   1.47    201.5   4.66    13590
   94     13.4  0.6956   1.52   0.48    196.4   4.68    41594
   95     18.5  0.4498   3.12   0.88    182.4   3.97    53992
   96     14.8  0.5793   2.56   0.44    186.6   3.93    29377
   97     18.9  0.4932   3.50   0.50    198.8   4.16    82722
   98     18.7  0.4803   2.46   1.54    198.8   4.08    46950
   99     16.8  0.4850   2.49   0.51    194.0   4.78    80766

==== CONFIRMATORY  Scenario B ====
-- marl_static
   seed   ach    J/unit  comps  bridges  E/tick  lat_ms
   80     58.1  0.1404   1.00   2.00    227.5   5.23
   81     47.9  0.1782   2.00   0.00    245.7   5.69
   82     46.8  0.1644   1.00   0.00    234.9   5.74
   83     40.4  0.1978   2.00   0.00    203.9   5.04
   84     44.2  0.1636   1.00   0.00    213.8   5.38
   85     48.4  0.1601   2.00   0.00    210.6   4.78
   86     41.9  0.1872   1.00   0.00    227.1   5.53
   87     50.9  0.1702   1.00   1.00    248.4   5.19
   88     48.8  0.1500   3.00   0.00    213.7   5.70
   89     32.2  0.2317   2.00   0.00    210.5   4.47
   90     58.5  0.1404   1.00   0.00    225.5   5.84
   91     38.6  0.1905   1.00   1.00    210.8   4.91
   92     58.0  0.1432   2.00   0.00    235.9   5.78
   93     47.6  0.1676   1.00   1.00    216.9   5.20
   94     36.4  0.2096   1.00   0.00    223.3   5.78
   95     53.3  0.1490   2.00   0.00    219.1   5.14
   96     29.3  0.2566   2.00   0.00    211.2   4.66
   97     59.6  0.1344   2.00   0.00    229.9   6.23
   98     48.3  0.1635   1.57   0.43    221.5   5.44
   99     47.3  0.1719   2.00   0.00    228.9   5.43
-- marl_freeze
   seed   ach    J/unit  comps  bridges  E/tick  lat_ms
   80     65.2  0.1393   1.00   2.00    242.9   4.96
   81     61.2  0.1420   2.00   0.00    234.8   5.57
   82     47.7  0.1625   1.00   0.00    230.7   5.64
   83     37.7  0.2052   2.00   0.00    216.9   4.28
   84     50.4  0.1583   1.00   0.00    223.8   5.49
   85     52.4  0.1571   2.00   0.00    215.9   4.64
   86     42.9  0.1897   1.00   0.00    216.3   5.22
   87     58.4  0.1566   1.00   1.00    247.7   5.33
   88     59.1  0.1419   3.00   0.00    237.2   6.06
   89     33.8  0.2275   2.00   0.00    216.9   4.50
   90     53.6  0.1570   1.00   0.00    228.3   5.94
   91     37.9  0.1931   1.00   1.00    207.2   5.27
   92     65.6  0.1370   2.00   0.00    242.4   5.33
   93     52.5  0.1649   1.00   1.00    230.1   5.30
   94     42.2  0.1850   1.00   0.00    211.2   5.85
   95     64.9  0.1347   2.00   0.00    232.8   5.36
   96     30.0  0.2798   2.00   0.00    228.0   4.54
   97     60.3  0.1437   2.00   0.00    241.0   5.43
   98     59.2  0.1459   1.00   1.00    230.9   5.65
   99     60.5  0.1409   2.00   0.00    226.1   6.07
-- xldet
   seed   ach    J/unit  comps  bridges  E/tick  lat_ms
   80     57.6  0.1362   1.00   2.00    218.5   5.52
   81     39.9  0.2022   2.00   0.00    228.9   5.83
   82     39.4  0.2038   1.00   0.00    244.6   5.77
   83     29.2  0.2845   2.00   0.00    203.2   5.04
   84     43.8  0.1579   1.00   0.00    203.4   5.30
   85     48.6  0.1619   2.00   0.00    208.9   5.27
   86     38.6  0.1870   1.00   0.00    203.4   5.81
   87     52.5  0.1620   1.00   1.00    250.5   6.17
   88     53.8  0.1419   2.00   1.00    217.5   6.12
   89     31.3  0.2286   2.00   0.00    199.9   4.83
   90     51.6  0.1652   1.00   0.00    231.0   6.12
   91     31.1  0.2269   1.00   1.00    202.6   5.17
   92     54.2  0.1537   2.00   0.00    230.5   5.78
   93     41.1  0.1958   1.00   1.00    205.9   5.24
   94     17.3  0.4334   1.00   0.00    227.5   5.38
   95     43.9  0.1756   2.00   0.00    215.1   5.21
   96     29.5  0.2589   2.00   0.00    214.5   4.85
   97     40.8  0.1996   2.00   0.00    234.3   5.99
   98     41.7  0.1880   1.00   1.00    219.0   5.55
   99     45.3  0.1897   2.00   0.00    235.8   5.60
-- sdn
   seed   ach    J/unit  comps  bridges  E/tick  lat_ms
   80     48.6  0.1472   1.00   2.00    201.9   4.92
   81     37.2  0.1975   2.00   0.00    206.3   5.19
   82     35.5  0.1862   1.00   0.00    200.6   5.38
   83     29.1  0.2611   2.00   0.00    189.1   4.65
   84     34.3  0.1848   1.00   0.00    187.7   4.66
   85     49.0  0.1446   2.00   0.00    189.3   4.86
   86     33.7  0.2099   1.00   0.00    194.5   5.48
   87     44.2  0.1645   1.00   1.00    209.6   5.54
   88     40.7  0.1717   2.00   1.00    200.5   4.89
   89     28.2  0.2342   2.00   0.00    186.9   4.30
   90     52.9  0.1370   1.00   0.00    196.6   5.66
   91     33.7  0.1975   1.00   1.00    190.1   4.63
   92     47.7  0.1554   2.00   0.00    204.6   5.25
   93     32.3  0.2245   1.00   1.00    191.5   4.83
   94     26.3  0.2557   1.00   0.00    195.5   5.14
   95     40.4  0.1766   2.00   0.00    196.3   5.18
   96     22.7  0.3042   2.00   0.00    194.0   4.59
   97     45.4  0.1569   2.00   0.00    200.8   5.63
   98     35.7  0.2062   1.00   1.00    204.8   5.19
   99     45.4  0.1560   2.00   0.00    199.7   5.33
-- ospf
   seed   ach    J/unit  comps  bridges  E/tick  lat_ms
   80     45.3  0.1558   3.00   0.00    198.8   4.84
   81     33.8  0.2100   2.00   0.00    203.0   5.36
   82     34.8  0.1860   1.00   0.00    195.3   5.59
   83     27.8  0.2753   2.00   0.00    189.0   4.77
   84     33.8  0.1886   1.00   0.00    187.8   4.81
   85     47.7  0.1511   2.00   0.00    192.3   4.98
   86     28.7  0.2367   1.00   0.00    193.4   5.38
   87     34.2  0.2001   2.00   0.00    198.8   5.25
   88     39.6  0.1762   3.00   0.00    199.5   4.98
   89     27.7  0.2433   2.00   0.00    190.3   4.45
   90     52.0  0.1387   1.00   0.00    196.4   5.80
   91     32.6  0.2023   2.00   0.00    188.1   4.75
   92     41.8  0.1676   2.00   0.00    199.7   5.10
   93     31.7  0.2282   2.00   0.00    190.1   4.98
   94     25.5  0.2605   1.00   0.00    192.5   5.29
   95     37.9  0.1859   2.00   0.00    194.6   5.08
   96     21.4  0.3232   2.00   0.00    194.6   4.71
   97     44.4  0.1611   2.00   0.00    201.3   5.90
   98     34.8  0.2136   2.00   0.00    205.4   5.27
   99     44.4  0.1580   2.00   0.00    198.0   5.46
-- olsr
   seed   ach    J/unit  comps  bridges  E/tick  lat_ms
   80     45.3  0.1559   3.00   0.00    198.8   5.02
   81     33.8  0.2101   2.00   0.00    203.0   5.56
   82     34.8  0.1860   1.00   0.00    195.3   5.80
   83     27.8  0.2756   2.00   0.00    189.0   4.96
   84     33.8  0.1887   1.00   0.00    187.8   4.98
   85     47.7  0.1512   2.00   0.00    192.3   5.16
   86     28.7  0.2367   1.00   0.00    193.4   5.58
   87     34.2  0.2001   2.00   0.00    198.8   5.44
   88     39.6  0.1762   3.00   0.00    199.5   5.16
   89     27.7  0.2434   2.00   0.00    190.3   4.62
   90     52.0  0.1388   1.00   0.00    196.4   6.01
   91     32.6  0.2023   2.00   0.00    188.1   4.93
   92     41.8  0.1677   2.00   0.00    199.7   5.28
   93     31.7  0.2284   2.00   0.00    190.1   5.17
   94     25.5  0.2606   1.00   0.00    192.5   5.49
   95     37.9  0.1860   2.00   0.00    194.6   5.27
   96     21.4  0.3232   2.00   0.00    194.6   4.89
   97     44.4  0.1611   2.00   0.00    201.3   6.12
   98     34.8  0.2137   2.00   0.00    205.4   5.47
   99     44.4  0.1581   2.00   0.00    198.0   5.66
-- batman
   seed   ach    J/unit  comps  bridges  E/tick  lat_ms
   80     45.3  0.1530   3.00   0.00    194.6   4.84
   81     33.8  0.2062   2.00   0.00    198.8   5.36
   82     34.8  0.1821   1.00   0.00    191.1   5.59
   83     27.8  0.2714   2.00   0.00    184.9   4.77
   84     33.8  0.1847   1.00   0.00    183.6   4.81
   85     47.7  0.1485   2.00   0.00    188.1   4.98
   86     28.7  0.2320   1.00   0.00    189.2   5.38
   87     34.2  0.1964   2.00   0.00    194.6   5.25
   88     39.6  0.1729   3.00   0.00    195.3   4.98
   89     27.7  0.2387   2.00   0.00    186.1   4.45
   90     52.0  0.1363   1.00   0.00    192.2   5.80
   91     32.6  0.1980   2.00   0.00    183.9   4.75
   92     41.8  0.1645   2.00   0.00    195.5   5.10
   93     31.7  0.2245   2.00   0.00    185.9   4.98
   94     25.5  0.2556   1.00   0.00    188.4   5.29
   95     37.9  0.1826   2.00   0.00    190.5   5.08
   96     21.4  0.3166   2.00   0.00    190.4   4.71
   97     44.4  0.1580   2.00   0.00    197.1   5.90
   98     34.8  0.2098   2.00   0.00    201.2   5.27
   99     44.4  0.1552   2.00   0.00    193.8   5.46
-- aodv
   seed   ach    J/unit  comps  bridges  E/tick  lat_ms
   80     45.3  0.1526   3.00   0.00    194.4   4.74
   81     33.8  0.2056   2.00   0.00    198.6   5.25
   82     34.8  0.1818   1.00   0.00    190.9   5.47
   83     27.8  0.2695   2.00   0.00    184.6   4.66
   84     33.8  0.1843   1.00   0.00    183.4   4.70
   85     47.7  0.1479   2.00   0.00    187.9   4.87
   86     28.7  0.2315   1.00   0.00    189.0   5.26
   87     34.2  0.1958   2.00   0.00    194.4   5.13
   88     39.6  0.1724   3.00   0.00    195.1   4.87
   89     27.7  0.2380   2.00   0.00    185.9   4.35
   90     52.0  0.1358   1.00   0.00    192.0   5.68
   91     32.6  0.1975   2.00   0.00    183.7   4.64
   92     41.8  0.1640   2.00   0.00    195.3   4.99
   93     31.7  0.2234   2.00   0.00    185.7   4.86
   94     25.5  0.2549   1.00   0.00    188.1   5.17
   95     37.9  0.1818   2.00   0.00    190.2   4.97
   96     21.4  0.3160   2.00   0.00    190.2   4.59
   97     44.4  0.1576   2.00   0.00    196.9   5.78
   98     34.8  0.2092   2.00   0.00    201.0   5.15
   99     44.4  0.1547   2.00   0.00    193.6   5.34
-- random
   seed   ach    J/unit  comps  bridges  E/tick  lat_ms
   80     23.4  0.3119   2.03   0.97    204.8   4.33
   81     22.2  0.3497   2.00   0.00    202.4   4.78
   82     17.8  0.3746   1.00   0.00    202.2   4.84
   83     16.3  0.4622   2.00   0.00    193.9   4.33
   84     17.8  0.3877   1.00   0.00    194.9   4.53
   85     22.8  0.3073   2.00   0.00    196.9   4.33
   86     19.0  0.4059   1.00   0.00    193.7   4.67
   87     21.5  0.3324   1.51   0.49    207.7   4.38
   88     21.8  0.3292   2.00   1.00    206.9   4.73
   89     14.3  0.4820   2.00   0.00    191.8   4.05
   90     24.4  0.3051   1.00   0.00    201.4   4.90
   91     17.4  0.3986   1.44   0.56    192.0   4.27
   92     27.3  0.2885   2.00   0.00    207.3   4.57
   93     18.0  0.4105   1.56   0.44    196.1   4.40
   94     15.0  0.5115   1.00   0.00    196.1   4.82
   95     20.8  0.3657   2.00   0.00    199.0   4.20
   96     14.4  0.5289   2.00   0.00    197.7   4.11
   97     22.8  0.3196   2.00   0.00    205.5   4.99
   98     18.2  0.4131   1.41   0.59    204.1   4.30
   99     21.1  0.3233   2.00   0.00    197.9   4.76
